1.1 5.2 0.74
10
TiagoLocalizacao1 4.201237912806177
-58.00
-62.00
-58.00
-57.00
-59.00
-58.00
-59.00
-59.00
-58.00
-58.00
TiagoLocalizacao2 7.935464699688355
-60.00
-58.00
-58.00
-59.00
-58.00
-58.00
-58.00
-58.00
-60.00
-59.00
TiagoLocalizacao0 1.930828837572093
-35.00
-33.00
-33.00
-34.00
-34.00
-34.00
-33.00
-33.00
-35.00
-34.00
TiagoLocalizacao3 7.5812202184081166
-60.00
-60.00
-59.00
-70.00
-59.00
-57.00
-58.00
-58.00
-58.00
-60.00
TiagoLocalizacao4 2.1303520835767973
-39.00
-41.00
-39.00
-39.00
-42.00
-39.00
-39.00
-39.00
-39.00
-39.00
LSC_HoneyPot 6.133384057761262
-55.00
-56.00
-56.00
-55.00
-57.00
-55.00
-57.00
-56.00
-52.00
-57.00
