2.2 11.7 0.74
10
TiagoLocalizacao1 9.362179233490458
-61.00
-62.00
-63.00
-62.00
-59.00
-61.00
-61.00
-61.00
-63.00
-61.00
TiagoLocalizacao2 1.6160445538412616
-34.00
-32.00
-31.00
-33.00
-31.00
-34.00
-31.00
-32.00
-33.00
-31.00
TiagoLocalizacao0 5.7190995794792725
-69.00
-69.00
-69.00
-66.00
-73.00
-75.00
-67.00
-68.00
-70.00
-68.00
TiagoLocalizacao3 4.6081341126317055
-52.00
-51.00
-51.00
-51.00
-53.00
-55.00
-58.00
-51.00
-54.00
-55.00
TiagoLocalizacao4 8.204779095137173
-59.00
-61.00
-58.00
-61.00
-58.00
-60.00
-60.00
-58.00
-58.00
-59.00
LSC_HoneyPot 5.931138170705518
-48.00
-43.00
-48.00
-49.00
-47.00
-48.00
-47.00
-46.00
-48.00
-48.00
