2.2 3.9 0.73
10
TiagoLocalizacao1 2.55556256038
-49.00
-52.00
-49.00
-51.00
-50.00
-53.00
-50.00
-49.00
-49.00
-50.00
TiagoLocalizacao2 9.15155178098
-57.00
-55.00
-59.00
-57.00
-59.00
-58.00
-58.00
-54.00
-57.00
-56.00
TiagoLocalizacao0 3.52794557781
-43.00
-43.00
-46.00
-43.00
-43.00
-43.00
-43.00
-47.00
-43.00
-43.00
TiagoLocalizacao3 7.86152656931
-58.00
-55.00
-51.00
-57.00
-52.00
-53.00
-51.00
-54.00
-54.00
-50.00
TiagoLocalizacao4 2.55031370619
-37.00
-36.00
-35.00
-36.00
-37.00
-36.00
-36.00
-37.00
-35.00
-36.00
LSC_HoneyPot 5.93246154644
-53.00
-54.00
-53.00
-53.00
-56.00
-55.00
-53.00
-55.00
-53.00
-53.00
