3.3 11.7 0.74
10
TiagoLocalizacao1 9.166264233590477
-60.00
-61.00
-59.00
-58.00
-59.00
-59.00
-59.00
-59.00
-58.00
-59.00
TiagoLocalizacao2 1.9548913013259845
-33.00
-32.00
-33.00
-33.00
-31.00
-31.00
-33.00
-32.00
-33.00
-30.00
TiagoLocalizacao0 6.225600372654832
-61.00
-58.00
-61.00
-61.00
-62.00
-61.00
-63.00
-61.00
-60.00
-62.00
TiagoLocalizacao3 3.572800022391401
-59.00
-56.00
-58.00
-56.00
-56.00
-54.00
-53.00
-53.00
-53.00
-53.00
TiagoLocalizacao4 8.565535593294793
-54.00
-53.00
-54.00
-56.00
-54.00
-54.00
-54.00
-55.00
-56.00
-55.00
LSC_HoneyPot 5.168017027835725
-55.00
-58.00
-55.00
-56.00
-58.00
-57.00
-50.00
-56.00
-51.00
-55.00
