5.5 7.8 0.73
10
TiagoLocalizacao1 5.31515757057
-46.00
-46.00
-48.00
-49.00
-47.00
-49.00
-48.00
-48.00
-48.00
-49.00
TiagoLocalizacao2 6.23465315796
-46.00
-48.00
-47.00
-47.00
-46.00
-47.00
-46.00
-47.00
-46.00
-45.00
TiagoLocalizacao0 5.72594097071
-40.00
-40.00
-39.00
-37.00
-38.00
-37.00
-37.00
-39.00
-38.00
-37.00
TiagoLocalizacao3 2.85720142797
-56.00
-57.00
-55.00
-53.00
-53.00
-53.00
-54.00
-51.00
-50.00
-56.00
TiagoLocalizacao4 6.86469955643
-46.00
-45.00
-46.00
-43.00
-44.00
-43.00
-46.00
-44.00
-46.00
-45.00
LSC_HoneyPot 1.35428948161
-45.00
-43.00
-44.00
-44.00
-44.00
-44.00
-45.00
-46.00
-45.00
-44.00
