3.3 9.1 0.73
10
TiagoLocalizacao1 6.59248814940156
-52.00
-52.00
-51.00
-54.00
-51.00
-54.00
-52.00
-53.00
-53.00
-51.00
TiagoLocalizacao2 4.16664133325632
-42.00
-43.00
-41.00
-42.00
-41.00
-42.00
-42.00
-44.00
-41.00
-41.00
TiagoLocalizacao0 4.300744121660808
-51.00
-50.00
-50.00
-51.00
-51.00
-51.00
-50.00
-50.00
-50.00
-50.00
TiagoLocalizacao3 3.5740173474676924
-57.00
-54.00
-54.00
-55.00
-52.00
-53.00
-56.00
-57.00
-55.00
-55.00
TiagoLocalizacao4 6.2923842857854755
-65.00
-65.00
-66.00
-64.00
-64.00
-65.00
-65.00
-66.00
-65.00
-65.00
LSC_HoneyPot 3.633744625039024
-45.00
-45.00
-44.00
-43.00
-45.00
-47.00
-43.00
-44.00
-43.00
-45.00
