5.5 6.5 0.73
10
TiagoLocalizacao1 4.05227096823
-57.00
-56.00
-55.00
-58.00
-57.00
-55.00
-58.00
-58.00
-57.00
-60.00
TiagoLocalizacao2 7.35397171602
-42.00
-41.00
-41.00
-40.00
-42.00
-40.00
-40.00
-40.00
-40.00
-40.00
TiagoLocalizacao0 5.57641461873
-41.00
-40.00
-40.00
-40.00
-41.00
-40.00
-40.00
-40.00
-40.00
-43.00
TiagoLocalizacao3 4.07597841015
-49.00
-48.00
-46.00
-46.00
-49.00
-47.00
-47.00
-45.00
-45.00
-60.00
TiagoLocalizacao4 6.21885037607
-47.00
-49.00
-47.00
-48.00
-47.00
-46.00
-47.00
-46.00
-46.00
-48.00
LSC_HoneyPot 1.87725863961
-42.00
-42.00
-41.00
-42.00
-42.00
-38.00
-39.00
-38.00
-42.00
-39.00
