5.5 3.9 0.73
10
TiagoLocalizacao1 1.7032028651925168
-46.00
-46.00
-48.00
-47.00
-44.00
-46.00
-47.00
-47.00
-47.00
-47.00
TiagoLocalizacao2 9.728355462255683
-57.00
-57.00
-57.00
-56.00
-57.00
-56.00
-59.00
-59.00
-58.00
-57.00
TiagoLocalizacao0 6.152755480270608
-48.00
-48.00
-48.00
-50.00
-48.00
-47.00
-48.00
-49.00
-47.00
-49.00
TiagoLocalizacao3 6.607087104011873
-63.00
-59.00
-58.00
-59.00
-58.00
-58.00
-67.00
-58.00
-67.00
-67.00
TiagoLocalizacao4 5.649256588260087
-60.00
-68.00
-57.00
-60.00
-58.00
-58.00
-59.00
-59.00
-59.00
-58.00
LSC_HoneyPot 4.128450072363719
-56.00
-56.00
-52.00
-52.00
-53.00
-54.00
-55.00
-52.00
-53.00
-54.00
