4.4 13.0 0.73
10
TiagoLocalizacao1 10.4000432691
-59.00
-57.00
-58.00
-58.00
-59.00
-57.00
-58.00
-59.00
-58.00
-58.00
TiagoLocalizacao2 2.40435022407
-44.00
-44.00
-45.00
-46.00
-45.00
-48.00
-45.00
-46.00
-45.00
-43.00
TiagoLocalizacao0 7.90293616322
-46.00
-45.00
-45.00
-45.00
-45.00
-46.00
-46.00
-46.00
-47.00
-45.00
TiagoLocalizacao3 3.4341811251
-54.00
-52.00
-50.00
-52.00
-54.00
-50.00
-57.00
-52.00
-57.00
-59.00
TiagoLocalizacao4 10.1899018641
-48.00
-54.00
-49.00
-48.00
-48.00
-48.00
-47.00
-48.00
-49.00
-48.00
LSC_HoneyPot 5.70123670794
-58.00
-62.00
-58.00
-58.00
-58.00
-57.00
-59.00
-58.00
-58.00
-60.00
