5.5 5.2 0.73
10
TiagoLocalizacao1 2.82327823638
-46.00
-46.00
-46.00
-46.00
-47.00
-47.00
-46.00
-47.00
-47.00
-45.00
TiagoLocalizacao2 8.5247228694
-49.00
-44.00
-46.00
-45.00
-47.00
-47.00
-46.00
-46.00
-47.00
-46.00
TiagoLocalizacao0 5.72594097071
-42.00
-42.00
-41.00
-40.00
-41.00
-41.00
-41.00
-42.00
-42.00
-42.00
TiagoLocalizacao3 5.33325416608
-60.00
-63.00
-64.00
-61.00
-66.00
-65.00
-60.00
-63.00
-66.00
-59.00
TiagoLocalizacao4 5.79690434629
-41.00
-43.00
-42.00
-41.00
-42.00
-42.00
-42.00
-42.00
-41.00
-42.00
LSC_HoneyPot 2.93156954548
-50.00
-49.00
-50.00
-54.00
-53.00
-57.00
-60.00
-61.00
-57.00
-57.00
