1.1 2.6 0.74
10
TiagoLocalizacao1 3.300060605504087
-56.00
-54.00
-52.00
-53.00
-53.00
-54.00
-58.00
-53.00
-54.00
-55.00
TiagoLocalizacao2 10.501980765550849
-53.00
-54.00
-53.00
-54.00
-55.00
-54.00
-55.00
-54.00
-55.00
-55.00
TiagoLocalizacao0 4.153083192039379
-56.00
-54.00
-53.00
-54.00
-55.00
-53.00
-54.00
-53.00
-53.00
-55.00
TiagoLocalizacao3 9.55378982393898
-57.00
-58.00
-58.00
-58.00
-60.00
-61.00
-59.00
-57.00
-55.00
-59.00
TiagoLocalizacao4 2.130352083576797
-40.00
-38.00
-39.00
-39.00
-39.00
-39.00
-39.00
-40.00
-39.00
-40.00
LSC_HoneyPot 7.609099815352668
-55.00
-58.00
-55.00
-55.00
-55.00
-54.00
-56.00
-57.00
-55.00
-58.00
