3.3 5.2 0.74
10
TiagoLocalizacao1 2.8231896854444622
-59.00
-59.00
-56.00
-59.00
-59.00
-57.00
-57.00
-60.00
-58.00
-57.00
TiagoLocalizacao2 7.935464699688355
-57.00
-55.00
-56.00
-56.00
-54.00
-57.00
-56.00
-55.00
-55.00
-55.00
TiagoLocalizacao0 3.661707252088839
-45.00
-46.00
-46.00
-46.00
-50.00
-47.00
-47.00
-47.00
-46.00
-45.00
TiagoLocalizacao3 6.173726589346178
-53.00
-56.00
-56.00
-55.00
-54.00
-60.00
-56.00
-53.00
-53.00
-57.00
TiagoLocalizacao4 3.7707293724158992
-65.00
-64.00
-64.00
-64.00
-62.00
-63.00
-68.00
-65.00
-64.00
-66.00
LSC_HoneyPot 4.272984905192153
-61.00
-58.00
-59.00
-59.00
-60.00
-60.00
-61.00
-60.00
-59.00
-61.00
