5.5 2.6 0.73
10
TiagoLocalizacao1 1.10040901487
-48.00
-50.00
-51.00
-50.00
-47.00
-51.00
-49.00
-49.00
-49.00
-51.00
TiagoLocalizacao2 10.954035786
-53.00
-52.00
-52.00
-52.00
-53.00
-52.00
-54.00
-53.00
-53.00
-54.00
TiagoLocalizacao0 6.80488060145
-51.00
-48.00
-49.00
-49.00
-51.00
-51.00
-49.00
-49.00
-49.00
-49.00
TiagoLocalizacao3 7.88946132508
-60.00
-60.00
-57.00
-58.00
-57.00
-57.00
-57.00
-57.00
-61.00
-59.00
TiagoLocalizacao4 5.79690434629
-51.00
-50.00
-51.00
-50.00
-51.00
-50.00
-51.00
-50.00
-50.00
-50.00
LSC_HoneyPot 5.37346257082
-47.00
-48.00
-47.00
-46.00
-48.00
-46.00
-46.00
-46.00
-45.00
-46.00
