1.1 1.3 0.73
10
TiagoLocalizacao1 3.5469564417962625
-46.00
-47.00
-48.00
-48.00
-48.00
-49.00
-51.00
-51.00
-48.00
-52.00
TiagoLocalizacao2 11.791560541336333
-49.00
-49.00
-52.00
-49.00
-48.00
-50.00
-48.00
-49.00
-51.00
-50.00
TiagoLocalizacao0 5.39410789658494
-49.00
-54.00
-50.00
-50.00
-48.00
-51.00
-52.00
-50.00
-51.00
-52.00
TiagoLocalizacao3 10.642067468307086
-56.00
-59.00
-55.00
-55.00
-55.00
-56.00
-55.00
-56.00
-56.00
-56.00
TiagoLocalizacao4 3.1038846628056267
-48.00
-48.00
-49.00
-49.00
-48.00
-48.00
-49.00
-49.00
-49.00
-48.00
LSC_HoneyPot 8.551263064600457
-59.00
-59.00
-60.00
-56.00
-56.00
-56.00
-58.00
-57.00
-60.00
-56.00
