3.3 10.4 0.74
10
TiagoLocalizacao1 7.877207627071919
-57.00
-55.00
-57.00
-55.00
-57.00
-55.00
-58.00
-56.00
-57.00
-58.00
TiagoLocalizacao2 2.9818786024920594
-37.00
-36.00
-38.00
-36.00
-38.00
-37.00
-36.00
-37.00
-37.00
-43.00
TiagoLocalizacao0 5.189229229856781
-52.00
-54.00
-51.00
-51.00
-51.00
-52.00
-51.00
-54.00
-52.00
-51.00
TiagoLocalizacao3 3.3278972339902566
-59.00
-57.00
-60.00
-51.00
-61.00
-60.00
-58.00
-54.00
-55.00
-56.00
TiagoLocalizacao4 7.401243138824721
-53.00
-53.00
-53.00
-53.00
-53.00
-52.00
-53.00
-53.00
-53.00
-52.00
LSC_HoneyPot 4.272984905192154
-54.00
-55.00
-56.00
-55.00
-56.00
-53.00
-55.00
-49.00
-55.00
-55.00
