3.3 3.9 0.73
10
TiagoLocalizacao1 1.70320286519
-49.00
-48.00
-49.00
-49.00
-49.00
-50.00
-49.00
-50.00
-48.00
-49.00
TiagoLocalizacao2 9.21742371815
-58.00
-57.00
-59.00
-57.00
-60.00
-57.00
-57.00
-56.00
-56.00
-54.00
TiagoLocalizacao0 4.30074412166
-54.00
-53.00
-53.00
-53.00
-52.00
-53.00
-53.00
-53.00
-52.00
-49.00
TiagoLocalizacao3 7.3029856908
-63.00
-62.00
-62.00
-67.00
-68.00
-59.00
-62.00
-66.00
-62.00
-62.00
TiagoLocalizacao4 3.5431765409
-46.00
-46.00
-46.00
-46.00
-47.00
-47.00
-47.00
-47.00
-46.00
-46.00
LSC_HoneyPot 5.16953576252
-53.00
-54.00
-52.00
-53.00
-52.00
-53.00
-54.00
-53.00
-53.00
-52.00
