2.2 10.4 0.74
10
TiagoLocalizacao1 8.104344513901172
-54.00
-53.00
-54.00
-54.00
-55.00
-55.00
-57.00
-55.00
-55.00
-55.00
TiagoLocalizacao2 2.771569952211201
-52.00
-52.00
-54.00
-52.00
-52.00
-53.00
-53.00
-51.00
-52.00
-53.00
TiagoLocalizacao0 4.5692559569365345
-45.00
-44.00
-43.00
-42.00
-47.00
-43.00
-43.00
-43.00
-42.00
-44.00
TiagoLocalizacao3 4.420961433896477
-55.00
-59.00
-52.00
-52.00
-52.00
-55.00
-57.00
-56.00
-54.00
-54.00
TiagoLocalizacao4 6.98057304237983
-54.00
-51.00
-52.00
-50.00
-52.00
-54.00
-52.00
-53.00
-53.00
-50.00
LSC_HoneyPot 5.1699516438744375
-65.00
-63.00
-63.00
-66.00
-65.00
-64.00
-62.00
-65.00
-66.00
-66.00
