4.4 3.9 0.73
10
TiagoLocalizacao1 1.30034610777
-55.00
-54.00
-56.00
-54.00
-54.00
-53.00
-55.00
-55.00
-49.00
-54.00
TiagoLocalizacao2 9.41227390167
-53.00
-53.00
-53.00
-53.00
-53.00
-53.00
-54.00
-52.00
-54.00
-53.00
TiagoLocalizacao0 5.1929182547
-50.00
-50.00
-50.00
-49.00
-51.00
-49.00
-50.00
-50.00
-49.00
-49.00
TiagoLocalizacao3 6.87630714846
-48.00
-54.00
-53.00
-53.00
-49.00
-49.00
-51.00
-50.00
-47.00
-47.00
TiagoLocalizacao4 4.58520446654
-43.00
-43.00
-43.00
-44.00
-43.00
-44.00
-43.00
-44.00
-43.00
-43.00
LSC_HoneyPot 4.54687804983
-36.00
-39.00
-35.00
-35.00
-35.00
-42.00
-36.00
-36.00
-37.00
-35.00
