2.2 5.2 0.74
10
TiagoLocalizacao1 3.4059359947010166
-60.00
-62.00
-61.00
-62.00
-63.00
-61.00
-64.00
-61.00
-65.00
-63.00
TiagoLocalizacao2 7.858854878415811
-43.00
-43.00
-44.00
-43.00
-43.00
-43.00
-44.00
-42.00
-45.00
-43.00
TiagoLocalizacao0 2.7125817960017353
-47.00
-47.00
-46.00
-49.00
-47.00
-47.00
-48.00
-46.00
-47.00
-48.00
TiagoLocalizacao3 6.82531317962773
-69.00
-71.00
-64.00
-65.00
-65.00
-65.00
-64.00
-65.00
-77.00
-70.00
TiagoLocalizacao4 2.8580412873154932
-63.00
-62.00
-63.00
-63.00
-62.00
-63.00
-62.00
-64.00
-65.00
-63.00
LSC_HoneyPot 5.169951643874437
-53.00
-52.00
-52.00
-52.00
-53.00
-52.00
-52.00
-52.00
-52.00
-50.00
