4.4 1.3 0.73
10
TiagoLocalizacao1 1.30034610777
-37.00
-37.00
-40.00
-38.00
-37.00
-41.00
-40.00
-38.00
-37.00
-38.00
TiagoLocalizacao2 11.9444924547
-51.00
-51.00
-53.00
-50.00
-51.00
-50.00
-53.00
-50.00
-50.00
-50.00
TiagoLocalizacao0 6.87360167598
-47.00
-45.00
-46.00
-46.00
-46.00
-47.00
-46.00
-46.00
-47.00
-46.00
TiagoLocalizacao3 9.37249166444
-66.00
-68.00
-64.00
-63.00
-63.00
-62.00
-65.00
-63.00
-63.00
-59.00
TiagoLocalizacao4 5.27106251149
-56.00
-57.00
-57.00
-56.00
-56.00
-56.00
-56.00
-56.00
-57.00
-56.00
LSC_HoneyPot 6.90753935928
-45.00
-41.00
-41.00
-44.00
-44.00
-40.00
-44.00
-44.00
-41.00
-41.00
