3.3 6.5 0.73
10
TiagoLocalizacao1 4.05227096823
-56.00
-55.00
-55.00
-56.00
-56.00
-55.00
-55.00
-55.00
-55.00
-56.00
TiagoLocalizacao2 6.66340003302
-58.00
-59.00
-60.00
-55.00
-58.00
-58.00
-59.00
-60.00
-59.00
-61.00
TiagoLocalizacao0 3.42584296196
-46.00
-46.00
-47.00
-47.00
-47.00
-46.00
-46.00
-47.00
-46.00
-47.00
TiagoLocalizacao3 5.12772854196
-52.00
-50.00
-52.00
-50.00
-54.00
-49.00
-49.00
-49.00
-50.00
-59.00
TiagoLocalizacao4 4.39478099568
-41.00
-42.00
-41.00
-41.00
-42.00
-42.00
-41.00
-43.00
-43.00
-42.00
LSC_HoneyPot 3.63374462504
-47.00
-48.00
-49.00
-46.00
-46.00
-47.00
-49.00
-47.00
-47.00
-50.00
