2.2 13.0 0.73
10
TiagoLocalizacao1 10.6301881451
-58.00
-59.00
-59.00
-59.00
-58.00
-57.00
-58.00
-57.00
-58.00
-57.00
TiagoLocalizacao2 0.97
-36.00
-36.00
-37.00
-37.00
-36.00
-36.00
-36.00
-36.00
-36.00
-37.00
TiagoLocalizacao0 6.92361177421
-48.00
-48.00
-48.00
-49.00
-47.00
-48.00
-48.00
-47.00
-47.00
-50.00
TiagoLocalizacao3 5.12967835249
-54.00
-50.00
-50.00
-52.00
-50.00
-56.00
-49.00
-55.00
-61.00
-49.00
TiagoLocalizacao4 9.45061373668
-62.00
-62.00
-63.00
-63.00
-63.00
-61.00
-62.00
-62.00
-61.00
-62.00
LSC_HoneyPot 6.85741204829
-50.00
-50.00
-50.00
-50.00
-50.00
-49.00
-50.00
-50.00
-50.00
-49.00
