5.5 10.4 0.73
10
TiagoLocalizacao1 7.87723936414
-58.00
-60.00
-58.00
-58.00
-58.00
-58.00
-59.00
-59.00
-61.00
-59.00
TiagoLocalizacao2 4.31171659551
-50.00
-50.00
-50.00
-52.00
-47.00
-49.00
-51.00
-51.00
-50.00
-50.00
TiagoLocalizacao0 6.80488060145
-56.00
-56.00
-55.00
-55.00
-55.00
-57.00
-57.00
-56.00
-55.00
-57.00
TiagoLocalizacao3 1.18473625757
-34.00
-34.00
-35.00
-37.00
-35.00
-35.00
-35.00
-35.00
-37.00
-38.00
TiagoLocalizacao4 8.6118581038
-54.00
-53.00
-54.00
-54.00
-52.00
-54.00
-54.00
-53.00
-51.00
-53.00
LSC_HoneyPot 2.93156954548
-40.00
-42.00
-41.00
-41.00
-41.00
-41.00
-41.00
-45.00
-41.00
-41.00
