5.5 1.3 0.73
10
TiagoLocalizacao1 1.70320286519
-40.00
-41.00
-41.00
-41.00
-41.00
-41.00
-46.00
-41.00
-40.00
-41.00
TiagoLocalizacao2 12.1951178756
-50.00
-51.00
-50.00
-50.00
-52.00
-49.00
-51.00
-51.00
-49.00
-50.00
TiagoLocalizacao0 7.62472294579
-54.00
-52.00
-55.00
-50.00
-50.00
-50.00
-53.00
-50.00
-53.00
-53.00
TiagoLocalizacao3 9.17679682678
-65.00
-65.00
-64.00
-69.00
-67.00
-68.00
-69.00
-66.00
-66.00
-66.00
TiagoLocalizacao4 6.21885037607
-52.00
-51.00
-52.00
-55.00
-52.00
-52.00
-52.00
-52.00
-52.00
-53.00
LSC_HoneyPot 6.63958583046
-47.00
-47.00
-47.00
-49.00
-49.00
-48.00
-47.00
-48.00
-49.00
-50.00
