2.2 9.1 0.73
10
TiagoLocalizacao1 6.862280961895979
-61.00
-60.00
-57.00
-60.00
-61.00
-61.00
-61.00
-61.00
-61.00
-62.00
TiagoLocalizacao2 4.01881823425743
-46.00
-46.00
-47.00
-45.00
-44.00
-43.00
-44.00
-46.00
-47.00
-44.00
TiagoLocalizacao0 3.5279455778115394
-57.00
-54.00
-54.00
-54.00
-56.00
-54.00
-56.00
-53.00
-55.00
-55.00
TiagoLocalizacao3 4.609077998906072
-54.00
-53.00
-53.00
-55.00
-53.00
-56.00
-56.00
-56.00
-53.00
-55.00
TiagoLocalizacao4 5.79172685820041
-53.00
-56.00
-55.00
-56.00
-56.00
-57.00
-58.00
-55.00
-60.00
-58.00
LSC_HoneyPot 4.6555450808686185
-56.00
-56.00
-55.00
-55.00
-57.00
-53.00
-57.00
-55.00
-55.00
-55.00
