3.3 1.3 0.73
10
TiagoLocalizacao1 1.7032028651925177
-44.00
-44.00
-45.00
-44.00
-44.00
-43.00
-46.00
-49.00
-43.00
-44.00
TiagoLocalizacao2 11.791560541336333
-60.00
-59.00
-57.00
-58.00
-58.00
-62.00
-62.00
-59.00
-59.00
-60.00
TiagoLocalizacao0 6.22706993697678
-54.00
-57.00
-57.00
-54.00
-54.00
-55.00
-55.00
-57.00
-56.00
-57.00
TiagoLocalizacao3 9.689871000173325
-57.00
-58.00
-57.00
-55.00
-57.00
-55.00
-59.00
-57.00
-57.00
-59.00
TiagoLocalizacao4 4.394780995681127
-52.00
-53.00
-54.00
-55.00
-56.00
-55.00
-55.00
-55.00
-53.00
-53.00
LSC_HoneyPot 7.332400698270655
-48.00
-50.00
-47.00
-51.00
-48.00
-48.00
-48.00
-48.00
-49.00
-50.00
