2.2 2.6 0.74
10
TiagoLocalizacao1 2.2000909072127
-50.00
-49.00
-50.00
-49.00
-53.00
-49.00
-50.00
-53.00
-48.00
-52.00
TiagoLocalizacao2 10.444213709035257
-56.00
-57.00
-58.00
-57.00
-57.00
-57.00
-60.00
-59.00
-58.00
-58.00
TiagoLocalizacao0 4.569255956936534
-60.00
-60.00
-60.00
-59.00
-58.00
-60.00
-61.00
-60.00
-59.00
-58.00
TiagoLocalizacao3 8.965762655792311
-68.00
-65.00
-64.00
-63.00
-67.00
-65.00
-70.00
-66.00
-66.00
-64.00
TiagoLocalizacao4 2.858041287315493
-39.00
-38.00
-38.00
-39.00
-39.00
-41.00
-39.00
-38.00
-38.00
-39.00
LSC_HoneyPot 6.856267205994818
-49.00
-51.00
-48.00
-50.00
-50.00
-51.00
-51.00
-51.00
-50.00
-52.00
