2.2 6.5 0.73
10
TiagoLocalizacao1 4.47782313184
-46.00
-48.00
-47.00
-47.00
-47.00
-46.00
-48.00
-48.00
-47.00
-50.00
TiagoLocalizacao2 6.57197839315
-52.00
-49.00
-47.00
-50.00
-50.00
-49.00
-50.00
-49.00
-50.00
-51.00
TiagoLocalizacao0 2.38461736973
-40.00
-40.00
-40.00
-38.00
-40.00
-38.00
-40.00
-39.00
-40.00
-38.00
TiagoLocalizacao3 5.89606648538
-53.00
-56.00
-59.00
-58.00
-57.00
-54.00
-57.00
-57.00
-57.00
-58.00
TiagoLocalizacao4 3.64199121361
-38.00
-40.00
-38.00
-41.00
-38.00
-39.00
-39.00
-38.00
-40.00
-37.00
LSC_HoneyPot 4.65554508087
-53.00
-54.00
-53.00
-54.00
-56.00
-52.00
-57.00
-57.00
-54.00
-56.00
