1.1 10.4 0.74
10
TiagoLocalizacao1 8.469380142607841
-61.00
-61.00
-62.00
-63.00
-65.00
-62.00
-63.00
-62.00
-61.00
-63.00
TiagoLocalizacao2 2.98187860249206
-53.00
-55.00
-53.00
-54.00
-54.00
-53.00
-51.00
-52.00
-53.00
-52.00
TiagoLocalizacao0 4.15308319203938
-41.00
-41.00
-41.00
-42.00
-41.00
-42.00
-42.00
-42.00
-42.00
-42.00
TiagoLocalizacao3 5.5167834831539295
-59.00
-57.00
-56.00
-54.00
-54.00
-56.00
-53.00
-53.00
-53.00
-53.00
TiagoLocalizacao4 6.715534230424263
-66.00
-64.00
-64.00
-65.00
-62.00
-64.00
-64.00
-65.00
-66.00
-66.00
LSC_HoneyPot 6.133384057761262
-54.00
-53.00
-53.00
-52.00
-52.00
-53.00
-52.00
-58.00
-54.00
-53.00
