1.1 11.7 0.74
10
TiagoLocalizacao1 9.679896693663625
-58.00
-59.00
-58.00
-56.00
-59.00
-59.00
-58.00
-60.00
-58.00
-58.00
TiagoLocalizacao2 1.9548913013259848
-52.00
-52.00
-56.00
-53.00
-53.00
-55.00
-53.00
-52.00
-54.00
-53.00
TiagoLocalizacao0 5.392411334458823
-58.00
-58.00
-59.00
-58.00
-59.00
-60.00
-58.00
-58.00
-60.00
-59.00
TiagoLocalizacao3 5.667883202748624
-57.00
-56.00
-55.00
-60.00
-55.00
-56.00
-63.00
-61.00
-62.00
-62.00
TiagoLocalizacao4 7.980501237391044
-62.00
-62.00
-62.00
-61.00
-62.00
-61.00
-62.00
-61.00
-63.00
-61.00
LSC_HoneyPot 6.787370624918017
-61.00
-63.00
-63.00
-62.00
-62.00
-62.00
-62.00
-62.00
-61.00
-61.00
