4.4 9.1 0.73
10
TiagoLocalizacao1 6.5000692304
-49.00
-49.00
-50.00
-49.00
-51.00
-50.00
-49.00
-48.00
-50.00
-49.00
TiagoLocalizacao2 4.58158269597
-39.00
-40.00
-40.00
-40.00
-41.00
-43.00
-44.00
-45.00
-44.00
-41.00
TiagoLocalizacao0 5.1929182547
-53.00
-52.00
-54.00
-53.00
-53.00
-52.00
-52.00
-52.00
-55.00
-53.00
TiagoLocalizacao3 2.59299055147
-55.00
-51.00
-54.00
-50.00
-52.00
-54.00
-52.00
-53.00
-49.00
-53.00
TiagoLocalizacao4 6.93282770592
-49.00
-49.00
-49.00
-51.00
-50.00
-51.00
-52.00
-51.00
-50.00
-49.00
LSC_HoneyPot 2.67471493808
-56.00
-56.00
-54.00
-58.00
-57.00
-56.00
-58.00
-58.00
-57.00
-56.00
