4.4 10.4 0.74
10
TiagoLocalizacao1 7.800025640983497
-59.00
-59.00
-59.00
-60.00
-59.00
-58.00
-59.00
-59.00
-60.00
-60.00
TiagoLocalizacao2 3.5385872887354353
-42.00
-40.00
-40.00
-40.00
-40.00
-40.00
-40.00
-40.00
-40.00
-39.00
TiagoLocalizacao0 5.949630240611596
-41.00
-41.00
-42.00
-43.00
-41.00
-41.00
-42.00
-41.00
-42.00
-41.00
TiagoLocalizacao3 2.2416288720481803
-43.00
-45.00
-49.00
-47.00
-47.00
-43.00
-48.00
-44.00
-44.00
-43.00
TiagoLocalizacao4 7.952886268519122
-51.00
-51.00
-51.00
-52.00
-52.00
-52.00
-52.00
-53.00
-52.00
-53.00
LSC_HoneyPot 3.4940520889076625
-50.00
-47.00
-49.00
-48.00
-49.00
-48.00
-49.00
-49.00
-49.00
-48.00
