4.4 11.7 0.74
10
TiagoLocalizacao1 9.100021977995437
-62.00
-62.00
-62.00
-62.00
-65.00
-65.00
-60.00
-64.00
-64.00
-62.00
TiagoLocalizacao2 2.729761894378336
-40.00
-40.00
-40.00
-40.00
-40.00
-42.00
-40.00
-39.00
-39.00
-39.00
TiagoLocalizacao0 6.872270367207623
-55.00
-57.00
-57.00
-58.00
-56.00
-57.00
-55.00
-61.00
-54.00
-56.00
TiagoLocalizacao3 2.5913124087998334
-49.00
-51.00
-57.00
-56.00
-49.00
-49.00
-52.00
-50.00
-50.00
-49.00
TiagoLocalizacao4 9.046457870349034
-53.00
-52.00
-53.00
-52.00
-54.00
-52.00
-54.00
-53.00
-53.00
-53.00
LSC_HoneyPot 4.545151262609418
-54.00
-53.00
-54.00
-52.00
-58.00
-54.00
-55.00
-55.00
-54.00
-54.00
