1.1 6.5 0.73
10
TiagoLocalizacao1 5.10890399205
-58.00
-55.00
-57.00
-59.00
-57.00
-58.00
-58.00
-58.00
-58.00
-58.00
TiagoLocalizacao2 6.66340003302
-53.00
-53.00
-53.00
-50.00
-51.00
-52.00
-49.00
-50.00
-50.00
-52.00
TiagoLocalizacao0 1.43401534162
-28.00
-27.00
-28.00
-27.00
-27.00
-28.00
-30.00
-29.00
-30.00
-30.00
TiagoLocalizacao3 6.75674477837
-78.00
-75.00
-75.00
-75.00
-74.00
-74.00
-72.00
-79.00
-65.00
-77.00
TiagoLocalizacao4 3.10388466281
-40.00
-39.00
-40.00
-41.00
-40.00
-40.00
-40.00
-39.00
-39.00
-40.00
LSC_HoneyPot 5.70649629808
-52.00
-53.00
-51.00
-56.00
-55.00
-56.00
-53.00
-56.00
-54.00
-53.00
