3.3 13.0 0.73
10
TiagoLocalizacao1 10.4580543123
-69.00
-67.00
-68.00
-66.00
-66.00
-67.00
-66.00
-67.00
-67.00
-66.00
TiagoLocalizacao2 1.4665946952
-45.00
-45.00
-43.00
-44.00
-43.00
-46.00
-44.00
-43.00
-44.00
-44.00
TiagoLocalizacao0 7.34754380729
-53.00
-52.00
-53.00
-53.00
-53.00
-52.00
-53.00
-52.00
-53.00
-54.00
TiagoLocalizacao3 4.22416855724
-52.00
-51.00
-57.00
-58.00
-52.00
-53.00
-52.00
-51.00
-52.00
-53.00
TiagoLocalizacao4 9.76545441851
-48.00
-49.00
-48.00
-48.00
-49.00
-48.00
-49.00
-48.00
-48.00
-48.00
LSC_HoneyPot 6.20919479482
-40.00
-40.00
-40.00
-40.00
-40.00
-40.00
-41.00
-40.00
-41.00
-40.00
