5.5 9.1 0.73
10
TiagoLocalizacao1 6.5924881494
-52.00
-52.00
-52.00
-52.00
-51.00
-52.00
-51.00
-53.00
-52.00
-52.00
TiagoLocalizacao2 5.20008653774
-39.00
-39.00
-39.00
-39.00
-39.00
-39.00
-39.00
-40.00
-41.00
-39.00
TiagoLocalizacao0 6.15275548027
-47.00
-48.00
-47.00
-46.00
-48.00
-49.00
-47.00
-47.00
-47.00
-48.00
TiagoLocalizacao3 1.75886326927
-48.00
-48.00
-48.00
-47.00
-53.00
-52.00
-48.00
-47.00
-49.00
-48.00
TiagoLocalizacao4 7.67815733103
-50.00
-52.00
-50.00
-51.00
-52.00
-52.00
-52.00
-52.00
-53.00
-52.00
LSC_HoneyPot 1.87725863961
-44.00
-44.00
-45.00
-45.00
-51.00
-45.00
-45.00
-43.00
-45.00
-44.00
