2.2 1.3 0.73
10
TiagoLocalizacao1 2.5555625603768735
-66.00
-65.00
-64.00
-64.00
-69.00
-62.00
-64.00
-63.00
-64.00
-67.00
TiagoLocalizacao2 11.740140544303546
-67.00
-65.00
-67.00
-68.00
-69.00
-68.00
-67.00
-66.00
-66.00
-69.00
TiagoLocalizacao0 5.720699257957895
-50.00
-49.00
-50.00
-50.00
-49.00
-50.00
-50.00
-53.00
-50.00
-50.00
TiagoLocalizacao3 10.117489807259506
-57.00
-62.00
-62.00
-60.00
-60.00
-57.00
-58.00
-57.00
-57.00
-59.00
TiagoLocalizacao4 3.6419912136082915
-50.00
-53.00
-51.00
-52.00
-52.00
-51.00
-53.00
-52.00
-52.00
-50.00
LSC_HoneyPot 7.888859233121098
-58.00
-60.00
-55.00
-58.00
-55.00
-54.00
-57.00
-56.00
-57.00
-57.00
