4.4 6.5 0.73
10
TiagoLocalizacao1 3.90011538291
-52.00
-52.00
-50.00
-51.00
-51.00
-52.00
-61.00
-50.00
-56.00
-55.00
TiagoLocalizacao2 6.93043288691
-40.00
-39.00
-40.00
-40.00
-40.00
-40.00
-40.00
-42.00
-41.00
-41.00
TiagoLocalizacao0 4.49515294512
-56.00
-56.00
-56.00
-57.00
-56.00
-55.00
-56.00
-58.00
-55.00
-58.00
TiagoLocalizacao3 4.49928883269
-49.00
-53.00
-54.00
-55.00
-51.00
-51.00
-56.00
-55.00
-60.00
-55.00
TiagoLocalizacao4 5.27106251149
-37.00
-36.00
-36.00
-36.00
-36.00
-35.00
-35.00
-36.00
-36.00
-37.00
LSC_HoneyPot 2.67471493808
-48.00
-47.00
-47.00
-46.00
-45.00
-47.00
-49.00
-46.00
-46.00
-45.00
