3.3 2.6 0.74
10
TiagoLocalizacao1 1.1001818031580057
-49.00
-54.00
-49.00
-54.00
-54.00
-49.00
-51.00
-50.00
-50.00
-49.00
TiagoLocalizacao2 10.501980765550849
-51.00
-53.00
-52.00
-53.00
-54.00
-55.00
-54.00
-55.00
-55.00
-54.00
TiagoLocalizacao0 5.189229229856781
-56.00
-55.00
-55.00
-56.00
-56.00
-55.00
-56.00
-55.00
-56.00
-58.00
TiagoLocalizacao3 8.480265326037859
-66.00
-66.00
-66.00
-68.00
-65.00
-63.00
-64.00
-64.00
-66.00
-67.00
TiagoLocalizacao4 3.770729372415899
-44.00
-43.00
-43.00
-43.00
-43.00
-43.00
-42.00
-44.00
-43.00
-43.00
LSC_HoneyPot 6.207930411981113
-50.00
-50.00
-49.00
-48.00
-50.00
-52.00
-50.00
-49.00
-50.00
-50.00
