1.1 9.1 0.73
10
TiagoLocalizacao1 7.28978051796
-51.00
-51.00
-52.00
-51.00
-51.00
-54.00
-52.00
-51.00
-53.00
-53.00
TiagoLocalizacao2 4.16664133326
-43.00
-43.00
-43.00
-43.00
-44.00
-42.00
-43.00
-41.00
-43.00
-43.00
TiagoLocalizacao0 2.9692423276
-50.00
-49.00
-50.00
-51.00
-50.00
-49.00
-50.00
-49.00
-50.00
-51.00
TiagoLocalizacao3 5.66865063309
-51.00
-53.00
-47.00
-46.00
-50.00
-52.00
-50.00
-47.00
-48.00
-45.00
TiagoLocalizacao4 5.46937839247
-50.00
-53.00
-51.00
-51.00
-53.00
-51.00
-51.00
-52.00
-51.00
-51.00
LSC_HoneyPot 5.70649629808
-55.00
-56.00
-56.00
-53.00
-53.00
-55.00
-53.00
-54.00
-57.00
-55.00
