1.1 13.0 0.73
10
TiagoLocalizacao1 10.9110448629
-62.00
-62.00
-62.00
-61.00
-62.00
-63.00
-63.00
-62.00
-63.00
-62.00
TiagoLocalizacao2 1.4665946952
-31.00
-31.00
-31.00
-31.00
-31.00
-31.00
-31.00
-31.00
-31.00
-31.00
TiagoLocalizacao0 6.65630528146
-56.00
-57.00
-56.00
-58.00
-56.00
-56.00
-57.00
-57.00
-57.00
-55.00
TiagoLocalizacao3 6.09947538728
-52.00
-52.00
-52.00
-55.00
-53.00
-53.00
-53.00
-53.00
-54.00
-57.00
TiagoLocalizacao4 9.25657063928
-50.00
-49.00
-50.00
-50.00
-50.00
-50.00
-50.00
-50.00
-50.00
-50.00
LSC_HoneyPot 7.61013140491
-56.00
-56.00
-56.00
-57.00
-58.00
-56.00
-55.00
-55.00
-55.00
-56.00
