1.1 3.9 0.73
10
TiagoLocalizacao1 3.5469564417962625
-51.00
-51.00
-51.00
-49.00
-51.00
-51.00
-52.00
-52.00
-50.00
-50.00
TiagoLocalizacao2 9.217423718154654
-64.00
-62.00
-61.00
-63.00
-61.00
-62.00
-61.00
-60.00
-61.00
-61.00
TiagoLocalizacao0 2.969242327598069
-50.00
-49.00
-49.00
-50.00
-49.00
-50.00
-47.00
-49.00
-49.00
-49.00
TiagoLocalizacao3 8.526054187019925
-71.00
-75.00
-73.00
-73.00
-73.00
-72.00
-72.00
-72.00
-72.00
-72.00
TiagoLocalizacao4 1.6953170794869024
-43.00
-42.00
-42.00
-44.00
-43.00
-43.00
-43.00
-43.00
-43.00
-43.00
LSC_HoneyPot 6.788527086194766
-49.00
-49.00
-50.00
-53.00
-48.00
-49.00
-48.00
-51.00
-48.00
-47.00
