4.4 5.2 0.73
10
TiagoLocalizacao1 2.60017307116
-43.00
-44.00
-44.00
-43.00
-43.00
-43.00
-44.00
-44.00
-44.00
-43.00
TiagoLocalizacao2 8.1621627036
-49.00
-49.00
-50.00
-49.00
-49.00
-48.00
-48.00
-47.00
-49.00
-48.00
TiagoLocalizacao0 4.67935893045
-45.00
-44.00
-43.00
-44.00
-43.00
-44.00
-43.00
-44.00
-44.00
-43.00
TiagoLocalizacao3 5.66335589558
-64.00
-56.00
-55.00
-55.00
-55.00
-52.00
-52.00
-53.00
-59.00
-55.00
TiagoLocalizacao4 4.76593117869
-38.00
-37.00
-37.00
-37.00
-37.00
-37.00
-37.00
-37.00
-37.00
-37.00
LSC_HoneyPot 3.49629804222
-37.00
-43.00
-39.00
-39.00
-40.00
-39.00
-36.00
-39.00
-37.00
-37.00
